1,2,3
0.125,0.85,0.025
0.865,0.125,0.01
0.165,0.77,0.065
0.305,0.19,0.505
0.255,0.17,0.575
0.485,0.315,0.2
0.255,0.23,0.515
0.29,0.195,0.515
0.235,0.215,0.55
0.41,0.3,0.29
0.355,0.305,0.34
0.36,0.28,0.36
0.195,0.14,0.665
0.275,0.215,0.51
0.27,0.205,0.525
0.435,0.28,0.285
0.5,0.305,0.195
0.455,0.305,0.24
0.43,0.25,0.32
0.34,0.19,0.47
0.315,0.2,0.485
0.24,0.11,0.65
0.47,0.32,0.21
0.39,0.265,0.345
0.42,0.26,0.32
0.505,0.29,0.205
0.445,0.295,0.26
0.31,0.195,0.495
0.27,0.145,0.585
0.295,0.19,0.515
